87
34
173
149
18
186
172
108
204
52
106
180
126
174
133
145
129
33
208
89
49
148
209
130
99
137
26
264
165
36
244
150
215
253
258
128
4
162
185
21
68
171
189
53
231
246
158
263
213
127
222
161
58
77
16
169
117
239
47
91
12
29
2
120
105
32
210
266
221
74
238
225
81
135
216
85
147
183
190
156
250
177
195
181
205
118
63
242
57
62
61
182
123
252
107
206
159
202
140
79
8
20
166
241
194
60
23
50
37
82
217
44
86
245
22
27
80
261
71
73
115
25
146
66
10
78
233
152
30
249
15
243
220
200
232
164
247
110
48
9
235
104
248
175
179
69
160
237
59
139
11
43
111
191
56
67
42
31
100
122
219
51
14
168
254
109
75
228
187
214
7
201
136
46
240
103
114
124
234
101
84
54
192
65
88
55
39
97
141
178
102
193
125
230
19
24
203
40
259
134
176
184
96
41
35
163
207
121
5
255
157
